1 5 5
1 8 8
2 4 8
2 7 14
3 4 12
3 4 12
3 4 12
3 7 21
3 7 21
3 7 21
3 9 27
3 12 36
3 12 36
3 12 36
3 12 36
3 15 45
4 5 20
4 6 24
4 18 72
4 19 76
6 8 48
6 8 48
6 14 84
6 14 84
6 16 96
6 19 114
6 21 126
6 21 126
6 27 162
6 27 162
8 11 88
8 11 88
8 23 184
8 23 184
8 37 296
8 37 296
12 27 324
12 27 324
12 29 348
12 30 360
12 30 360
12 35 420
12 35 420
12 35 420
12 35 420
12 37 444
12 37 444
12 41 492
12 46 552
12 46 552
16 46 736
16 46 736
24 57 1368
24 57 1368
24 57 1368
24 57 1368
24 64 1536
24 69 1656
24 71 1704
24 76 1824
24 83 1992
24 83 1992
24 83 1992
24 83 1992
