1 1 1
1 1 1
1 7 7
1 7 7
2 6 12
2 6 12
3 5 15
3 5 15
3 11 33
3 11 33
4 6 24
4 6 24
4 18 72
4 18 72
6 12 72
6 12 72
6 12 72
6 12 72
6 12 72
6 16 96
6 16 96
6 24 144
6 24 144
6 24 144
6 24 144
6 24 144
8 12 96
8 12 96
8 22 176
8 22 176
8 36 288
8 36 288
12 28 336
12 28 336
12 28 336
12 28 336
12 32 384
12 32 384
12 40 480
12 40 480
12 40 480
12 40 480
16 44 704
16 44 704
24 56 1344
24 56 1344
24 56 1344
24 56 1344
24 68 1632
24 68 1632
24 68 1632
24 68 1632
24 68 1632
24 80 1920
24 80 1920
24 80 1920
24 80 1920
